# Southern
# Oscillation  Year + fraction  Year       Month
# ----------------------------------------------
-0.7 -0.039        1955         1
 1.3 -0.130        1955         2
 0.1 -0.210        1955         3
-0.9 -0.289       1955         4
 0.8 -0.380        1955         5
 1.6 -0.460       1955         6
 1.7 -0.539       1955         7
 1.4 -0.630       1955         8
 1.4 -0.710       1955         9
 1.5 -0.789       1955        10
 1.4 -0.880       1955        11
 0.9 -0.960       1955        12
  
 1.2 -1.039       1956         1
 1.1 -1.130       1956         2
 0.9 -1.210       1956         3
 1.1 -1.289       1956         4
 1.4 -1.380       1956         5
 1.2 -1.460       1956         6
 1.1 -1.539       1956         7
 1.0 -1.630       1956         8
 0.0 -1.710       1956         9
 1.9 -1.789       1956        10
 0.1 -1.880       1956        11
 0.9 -1.960       1956        12
  
 0.4 -2.039       1957         1
-0.4 -2.130      1957         2
-0.4 -2.210       1957         3
 0.0 -2.289       1957         4
-1.1 -2.380      1957         5
-0.4 -2.460       1957         6
 0.1 -2.539       1957         7
-1.1 -2.630      1957         8
-1.0 -2.710       1957         9
-0.1 -2.789       1957        10
-1.2 -2.880      1957        11
-0.5 -2.960       1957        12
  
-1.9 -3.039       1958         1
-0.7 -3.130      1958         2
-0.3 -3.210       1958         3
 0.1 -3.289       1958         4
-1.3 -3.380      1958         5
-0.3 -3.460       1958         6
 0.3 -3.539       1958         7
 0.7 -3.630      1958         8
-0.4 -3.710       1958         9
-0.4 -3.789       1958        10
-0.6 -3.880      1958        11
-0.8 -3.960       1958        12
  
-0.9 -4.039      1959         1
-1.5 -4.130      1959         2
 0.8 -4.210      1959         3
 0.2 -4.289      1959         4
 0.2 -4.380      1959         5
-0.9 -4.460      1959         6
-0.5 -4.539      1959         7
-0.6 -4.630      1959         8
 0.0 -4.710      1959         9
 0.3 -4.789      1959        10
 0.9 -4.880      1959        11
 0.8 -4.960      1959        12
  
 0.0 -5.039      1960         1
-0.2 -5.130      1960         2
 0.5 -5.210      1960         3
 0.9 -5.289      1960         4
 0.2 -5.380      1960         5
-0.5 -5.460      1960         6
 0.4 -5.539      1960         7
 0.5 -5.630      1960         8
 0.7 -5.710      1960         9
-0.1 -5.789      1960        10
 0.6 -5.880      1960        11
 0.7 -5.960      1960        12
  
-0.4 -6.039      1961         1
 0.5 -6.130      1961         2
-2.6 -6.210      1961         3
 1.1 -6.289      1961         4
 0.2 -6.380      1961         5
-0.4 -6.460      1961         6
 0.1 -6.539      1961         7
-0.3 -6.630      1961         8
 0.0 -6.710      1961         9
-0.8 -6.789      1961        10
 0.7 -6.880      1961        11
 1.4 -6.960      1961        12
  
 1.7 -7.039      1962         1
-0.5 -7.130      1962         2
-0.4 -7.210      1962         3
 0.0 -7.289      1962         4
 1.2 -7.380      1962         5
 0.5 -7.460      1962         6
-0.1 -7.539      1962         7
 0.3 -7.630      1962         8
 0.5 -7.710      1962         9
 0.9 -7.789      1962        10
 0.2 -7.880      1962        11
 0.0 -7.960      1962        12
  
 0.8 -8.039      1963         1
 0.3 -8.130     1963         2
 0.6 -8.210      1963         3
 0.9 -8.289      1963         4
 0.0 -8.380     1963         5
-1.5 -8.460      1963         6
-0.3 -8.539      1963         7
-0.4 -8.630     1963         8
-0.7 -8.710      1963         9
-1.6 -8.789      1963        10
-1.0 -8.880     1963        11
-1.4 -8.960      1963        12
  
-0.5 -9.039      1964         1
-0.2 -9.130     1964         2
 0.6 -9.210      1964         3
 1.7 -9.289      1964         4
-0.2 -9.380     1964         5
 0.7 -9.460      1964         6
 0.5 -9.539      1964         7
 1.4 -9.630     1964         8
 1.3 -9.710      1964         9
 1.3 -9.789      1964        10
 0.0 -9.880     1964        11
-0.5 -9.960      1964        12
  
-0.5 -10.03       1965         1
 0.0 -10.13      1965         2
 0.2 -10.21       1965         3
-1.1 -10.28       1965         4
 0.0 -10.38      1965         5
-1.5 -10.46       1965         6
-2.3 -10.53       1965         7
-1.3 -10.63      1965         8
-1.4 -10.71       1965         9
-1.2 -10.78       1965        10
-1.8 -10.88      1965        11
 0.0 -10.96       1965        12
  
-1.4 -11.03       1966         1
-0.5 -11.13      1966         2
-1.6 -11.21       1966         3
-0.7 -11.28       1966         4
-0.6 -11.38      1966         5
 0.0 -11.46       1966         6
-0.1 -11.53       1966         7
 0.3 -11.63      1966         8
-0.3 -11.71       1966         9
-0.3 -11.78       1966        10
-0.1 -11.88      1966        11
-0.5 -11.96       1966        12
  
 1.5 -12.03       1967         1
 1.2 -12.13      1967         2
 0.8 -12.21       1967         3
-0.2 -12.28       1967         4
-0.4 -12.38      1967         5
 0.6 -12.46       1967         6
 0.0 -12.53       1967         7
 0.4 -12.63      1967         8
 0.5 -12.71       1967         9
-0.2 -12.78       1967        10
-0.7 -12.88      1967        11
-0.7 -12.96       1967        12
  
 0.5 -13.03       1968         1
 0.8 -13.13      1968         2
-0.5 -13.21       1968         3
-0.3 -13.28       1968         4
 1.2 -13.38      1968         5
 1.4 -13.46       1968         6
 0.6 -13.53       1968         7
-0.1 -13.63      1968         8
-0.3 -13.71       1968         9
-0.3 -13.78       1968        10
-0.4 -13.88      1968        11
 0.0 -13.96       1968        12
  
-1.4 -14.03       1969         1
 0.8 -14.13      1969         2
-0.1 -14.21       1969         3
-0.8 -14.28       1969         4
-0.8 -14.38      1969         5
-0.2 -14.46       1969         6
-0.7 -14.53       1969         7
-0.6 -14.63      1969         8
-1.0 -14.71       1969         9
-1.4 -14.78       1969        10
-0.1 -14.88      1969        11
 0.3 -14.96       1969        12
  
-1.2 -15.03       1970         1
-1.2 -15.13      1970         2
 0.0 -15.21       1970         3
-0.5 -15.28       1970         4
 0.1 -15.38      1970         5
 1.1 -15.46       1970         6
-0.6 -15.53       1970         7
 0.3 -15.63      1970         8
 1.2 -15.71       1970         9
 0.8 -15.78       1970        10
 1.8 -15.88      1970        11
 1.8 -15.96       1970        12
  
 0.2 -16.03       1971         1
 1.4 -16.13      1971         2
 2.0 -16.21       1971         3
 2.6 -16.28       1971         4
 0.9 -16.38      1971         5
 0.2 -16.46       1971         6
 0.1 -16.53       1971         7
 1.4 -16.63      1971         8
 1.5 -16.71       1971         9
 1.8 -16.78       1971        10
 0.5 -16.88      1971        11
 0.1 -16.96       1971        12
  
 0.3 -17.03       1972         1
 0.6 -17.13      1972         2
 0.1 -17.21       1972         3
-0.5 -17.28       1972         4
-2.1 -17.38      1972         5
-1.7 -17.46       1972         6
-1.9 -17.53       1972         7
-1.1 -17.63      1972         8
-1.5 -17.71       1972         9
-1.1 -17.78       1972        10
-0.4 -17.88      1972        11
-1.5 -17.96       1972        12
  
-0.4 -18.03       1973         1
-1.5 -18.13      1973         2
 0.2 -18.21       1973         3
-0.4 -18.28       1973         4
 0.3 -18.38      1973         5
 1.2 -18.46       1973         6
 0.5 -18.53       1973         7
 1.2 -18.63      1973         8
 1.3 -18.71       1973         9
 0.6 -18.78       1973        10
 2.9 -18.88      1973        11
 1.7 -18.96       1973        12
  
 2.2 -19.03       1974         1
 1.5 -19.13      1974         2
 2.1 -19.21       1974         3
 1.3 -19.28       1974         4
 1.3 -19.38      1974         5
 0.1 -19.46       1974         6
 1.2 -19.53       1974         7
 0.5 -19.63      1974         8
 1.1 -19.71       1974         9
 0.8 -19.78       1974        10
-0.4 -19.88      1974        11
 0.0 -19.96       1974        12
  
-0.6 -20.03       1975         1
 0.4 -20.13      1975         2
 1.1 -20.21       1975         3
 1.5 -20.28       1975         4
 0.5 -20.38      1975         5
 1.7 -20.46       1975         6
 2.1 -20.53       1975         7
 2.0 -20.63      1975         8
 2.2 -20.71       1975         9
 1.7 -20.78       1975        10
 1.3 -20.88      1975        11
 2.0 -20.96       1975        12
  
 1.2 -21.03       1976         1
 1.2 -21.13      1976         2
 1.3 -21.21       1976         3
 0.2 -21.28       1976         4
 0.6 -21.38      1976         5
-0.1 -21.46       1976         6
-1.2 -21.53       1976         7
-1.5 -21.63      1976         8
-1.2 -21.71       1976         9
 0.2 -21.78       1976        10
 0.7 -21.88      1976        11
-0.5 -21.96       1976        12
  
-0.5 -22.03       1977         1
 0.8 -22.13      1977         2
-1.2 -22.21       1977         3
-1.3 -22.28       1977         4
-1.1 -22.38      1977         5
-2.3 -22.46       1977         6
-1.5 -22.53       1977         7
-1.4 -22.63      1977         8
-0.9 -22.71       1977         9
-1.4 -22.78       1977        10
-1.6 -22.88      1977        11
-1.3 -22.96       1977        12
  
-0.5 -23.03       1978         1
-2.6 -23.13      1978         2
-0.8 -23.21       1978         3
-0.9 -23.28       1978         4
 1.3 -23.38      1978         5
 0.4 -23.46       1978         6
 0.4 -23.53       1978         7
 0.1 -23.63      1978         8
 0.0 -23.71       1978         9
-0.8 -23.78       1978        10
-0.1 -23.88      1978        11
-0.2 -23.96       1978        12
  
-0.5 -24.03       1979         1
 0.6 -24.13      1979         2
-0.5 -24.21       1979         3
-0.7 -24.28       1979         4
 0.5 -24.38      1979         5
 0.6 -24.46       1979         6
 1.3 -24.53       1979         7
-0.7 -24.63      1979         8
 0.1 -24.71       1979         9
-0.4 -24.78       1979        10
-0.6 -24.88      1979        11
-0.9 -24.96       1979        12
  
 0.3 -25.03       1980         1
 0.0 -25.13      1980         2
-1.1 -25.21       1980         3
-1.7 -25.28       1980         4
-0.3 -25.38      1980         5
-0.7 -25.46       1980         6
-0.2 -25.53       1980         7
-0.1 -25.63      1980         8
-0.5 -25.71       1980         9
-0.3 -25.78       1980        10
-0.5 -25.88      1980        11
-0.2 -25.96       1980        12
  
 0.3 -26.03       1981         1
-0.5 -26.13      1981         2
-2.0 -26.21       1981         3
-0.6 -26.28       1981         4
 0.8 -26.38      1981         5
 1.6 -26.46       1981         6
 0.8 -26.53       1981         7
 0.4 -26.63      1981         8
 0.3 -26.71       1981         9
-0.7 -26.78       1981        10
 0.1 -26.88      1981        11
 0.4 -26.96       1981        12
  
 1.0 -27.03       1982         1
 0.0 -27.13      1982         2
 0.0 -27.21       1982         3
-0.1 -27.28       1982         4
-0.6 -27.38      1982         5
-2.5 -27.46       1982         6
-2.0 -27.53       1982         7
-2.7 -27.63      1982         8
-1.9 -27.71       1982         9
-2.2 -27.78       1982        10
-3.2 -27.88      1982        11
-2.5 -27.96       1982        12
  
-3.4 -28.03       1983         1
-3.5 -28.13      1983         2
-3.2 -28.21       1983         3
-2.1 -28.28       1983         4
 0.9 -28.38      1983         5
-0.5 -28.46       1983         6
-0.9 -28.53       1983         7
-0.4 -28.63      1983         8
 0.9 -28.71       1983         9
 0.3 -28.78       1983        10
-0.1 -28.88      1983        11
-0.1 -28.96       1983        12
  
 0.0 -29.03       1984         1
 0.4 -29.13      1984         2
-0.8 -29.21       1984         3
 0.4 -29.28       1984         4
 0.0 -29.38      1984         5
-1.2 -29.46       1984         6
 0.0 -29.53       1984         7
 0.1 -29.63      1984         8
 0.1 -29.71       1984         9
-0.6 -29.78       1984        10
 0.3 -29.88      1984        11
-0.3 -29.96       1984        12
  
-0.5 -30.03       1985         1
 0.8 -30.13      1985         2
 0.2 -30.21       1985         3
 1.4 -30.28       1985         4
-0.2 -30.38      1985         5
-1.4 -30.46       1985         6
-0.3 -30.53       1985         7
 0.7 -30.63      1985         8
 0.0 -30.71       1985         9
-0.8 -30.78       1985        10
-0.4 -30.88      1985        11
 0.1 -30.96       1985        12
  
 0.8 -31.03       1986         1
-1.2 -31.13      1986         2
-0.1 -31.21       1986         3
 0.1 -31.28       1986         4
-0.6 -31.38      1986         5
 1.0 -31.46       1986         6
 0.1 -31.53       1986         7
-0.9 -31.63      1986         8
-0.5 -31.71       1986         9
 0.6 -31.78       1986        10
-1.6 -31.88      1986        11
-1.6 -31.96       1986        12
  
-0.7 -32.03       1987         1
-1.4 -32.13      1987         2
-2.0 -32.21       1987         3
-2.7 -32.28       1987         4
-2.0 -32.38      1987         5
-2.7 -32.46       1987         6
-1.8 -32.53       1987         7
-1.7 -32.63      1987         8
-1.1 -32.71       1987         9
-0.7 -32.78       1987        10
-0.1 -32.88      1987        11
-0.6 -32.96       1987        12
  
-0.3 -33.03       1988         1
-0.6 -33.13      1988         2
 0.1 -33.21       1988         3
 0.0 -33.28       1988         4
 1.1 -33.38      1988         5
-0.3 -33.46       1988         6
 1.1 -33.53       1988         7
 1.4 -33.63      1988         8
 1.9 -33.71       1988         9
 1.5 -33.78       1988        10
 1.9 -33.88      1988        11
 1.1 -33.96       1988        12
  
 1.5 -34.03       1989         1
 1.1 -34.13      1989         2
 0.6 -34.21       1989         3
 1.6 -34.28       1989         4
 1.2 -34.38      1989         5
 0.5 -34.46       1989         6
 0.8 -34.53       1989         7
-0.8 -34.63      1989         8
 0.6 -34.71       1989         9
 0.6 -34.78       1989        10
-0.4 -34.88      1989        11
-0.7 -34.96       1989        12
  
-0.2 -35.03       1990         1
-2.4 -35.13      1990         2
-1.2 -35.21       1990         3
 0.0 -35.28       1990         4
 1.1 -35.38      1990         5
 0.0 -35.46       1990         6
 0.5 -35.53       1990         7
-0.5 -35.63      1990         8
-0.8 -35.71       1990         9
 0.1 -35.78       1990        10
-0.7 -35.88      1990        11
-0.4 -35.96       1990        12
  
 0.6 -36.03       1991         1
-0.1 -36.13      1991         2
-1.4 -36.21       1991         3
-1.0 -36.28       1991         4
-1.5 -36.38      1991         5
-0.5 -36.46       1991         6
-0.2 -36.53       1991         7
-0.9 -36.63      1991         8
-1.8 -36.71       1991         9
-1.5 -36.78       1991        10
-0.8 -36.88      1991        11
-2.3 -36.96       1991        12
  
-3.4 -37.03       1992         1
-1.4 -37.13      1992         2
-3.0 -37.21       1992         3
-1.4 -37.28       1992         4
 0.0 -37.38      1992         5
-1.2 -37.46       1992         6
-0.8 -37.53       1992         7
 0.0 -37.63      1992         8
 0.0 -37.71       1992         9
-1.9 -37.78       1992        10
-0.9 -37.88      1992        11
-1.1 -37.96       1992        12
